SOUTHERN WATCH - the load order this was built against

Top of the list first. The Mod Manager's own order is what the game
uses; this file is a copy to compare against, not something the game
reads. The one rule that matters: this campaign's folder, and any
other folder whose name starts with SEST_, sits ABOVE every Workshop
mod. They are whole-file replacements - anything that outranks them
wins instead, and the fix they carry is gone.

   1. SEST_Integration
   2. 3380210757
   3. 3784474738
   4. 3789188689
   5. 3606134711
   6. 3768036424
   7. 3789793270
   8. 3437105712
   9. 3733719765
  10. 3760871384
  11. 3606774881
  12. 3629144864
  13. 3775128499
  14. 3637954857
  15. 3607989779
  16. 3430135740
  17. 3394781441
  18. 3395022688
  19. 3373960386
  20. 3461091581
  21. 3508275114
  22. 3438479626
  23. 3440622312
  24. 3432668460
  25. 3567256221
  26. 3695809489
  27. 3575847216
  28. 3444379330
  29. 3642656500
  30. 3461044389
  31. 3384079999
  32. 3505420313
  33. 3406985435
  34. 3430106996
  35. 3417446309
  36. 3599752717
  37. 3488139470
  38. 3390330875
  39. 3456859157
  40. 3432592449
  41. 3594891803
  42. 3774859959
  43. 3774572038
  44. 3663564190
  45. 3436170138
  46. 3486502935
  47. 3417801942
  48. 3597650470
  49. 3468260539
  50. 3403661005
  51. 3630495619
  52. 3731208477
  53. 3378409795
  54. 3590477166
  55. 3737267013
  56. 3433957933
  57. 3602046770
  58. 3414146266
  59. 3459682829
  60. 3425450153
  61. 3403993583
  62. 3652097318
  63. 3480965706
  64. 3741944366
  65. 3524112296
  66. 3744475027
  67. 3600788156
  68. 3801363152
  69. 3746453639
  70. 3504168760
  71. 3781062859
  72. 3499239964
  73. 3587877691
  74. 3448845252
  75. 3636386513
  76. 3553116604
  77. 3758320372
  78. 3418252667
  79. 3755769170
  80. 3736147136
  81. 3567228449
  82. 3503670861
  83. 3717610332
  84. 3506979898
  85. 3769142422
  86. 3591563716
  87. 3801549552
  88. 3670643788
  89. 3481228992
  90. 3526982088
  91. 3776340577
  92. 3740293822
  93. 3722749887
  94. 3559495372
  95. 3458148344
  96. 3465256032
  97. 3416372890
  98. 3799742828
  99. 3659742367
 100. 3513571010
 101. 3716049886
 102. 3587091564
 103. 3681873198
 104. 3774746803
 105. 3729578404
 106. 3433577445
 107. 3729579342
 108. 3514484654
 109. 3796113927
 110. 3392434750
 111. 3673250557
 112. 3461519690
 113. 3455931957
 114. 3551676319
 115. 3497601759
 116. 3451166840
 117. 3762023575
 118. 3503594612
 119. 3434072450
 120. 3683253079
 121. 3558173926
 122. 3502273861
 123. 3509329205
 124. 3673908868
 125. 3780118683
 126. 3411341227
 127. 3715323261
 128. 3468959181
 129. 3478767194
 130. 3373356293
 131. 3782020901
 132. 3796349767
 133. 3601891050
 134. 3408662804
 135. 3470643173
 136. 3631042692
 137. 3629269283
 138. 3592460366
 139. 3413868677
 140. 3605013271

